(kicad_pcb (version 20171130) (host pcbnew 5.0.1-33cea8e~67~ubuntu18.04.1)

  (general
    (thickness 1.6)
    (drawings 4)
    (tracks 422)
    (zones 0)
    (modules 32)
    (nets 54)
  )

  (page A4)
  (layers
    (0 F.Cu signal)
    (31 B.Cu signal)
    (32 B.Adhes user)
    (33 F.Adhes user)
    (34 B.Paste user)
    (35 F.Paste user)
    (36 B.SilkS user)
    (37 F.SilkS user)
    (38 B.Mask user)
    (39 F.Mask user)
    (40 Dwgs.User user)
    (41 Cmts.User user)
    (42 Eco1.User user)
    (43 Eco2.User user)
    (44 Edge.Cuts user)
    (45 Margin user)
    (46 B.CrtYd user)
    (47 F.CrtYd user)
    (48 B.Fab user)
    (49 F.Fab user)
  )

  (setup
    (last_trace_width 0.25)
    (trace_clearance 0.2)
    (zone_clearance 0.508)
    (zone_45_only no)
    (trace_min 0.2)
    (segment_width 0.2)
    (edge_width 0.15)
    (via_size 0.8)
    (via_drill 0.4)
    (via_min_size 0.4)
    (via_min_drill 0.3)
    (uvia_size 0.3)
    (uvia_drill 0.1)
    (uvias_allowed no)
    (uvia_min_size 0.2)
    (uvia_min_drill 0.1)
    (pcb_text_width 0.3)
    (pcb_text_size 1.5 1.5)
    (mod_edge_width 0.15)
    (mod_text_size 1 1)
    (mod_text_width 0.15)
    (pad_size 1.524 1.524)
    (pad_drill 0.762)
    (pad_to_mask_clearance 0.051)
    (solder_mask_min_width 0.25)
    (aux_axis_origin 0 0)
    (visible_elements FFFFFF7F)
    (pcbplotparams
      (layerselection 0x010fc_ffffffff)
      (usegerberextensions false)
      (usegerberattributes false)
      (usegerberadvancedattributes false)
      (creategerberjobfile false)
      (excludeedgelayer true)
      (linewidth 0.100000)
      (plotframeref false)
      (viasonmask false)
      (mode 1)
      (useauxorigin false)
      (hpglpennumber 1)
      (hpglpenspeed 20)
      (hpglpendiameter 15.000000)
      (psnegative false)
      (psa4output false)
      (plotreference true)
      (plotvalue true)
      (plotinvisibletext false)
      (padsonsilk false)
      (subtractmaskfromsilk false)
      (outputformat 1)
      (mirror false)
      (drillshape 1)
      (scaleselection 1)
      (outputdirectory ""))
  )

  (net 0 "")
  (net 1 3V3)
  (net 2 +5V)
  (net 3 GND)
  (net 4 "Net-(U3-Pad2)")
  (net 5 "Net-(U3-Pad3)")
  (net 6 "Net-(D2-Pad1)")
  (net 7 /BOOT0)
  (net 8 "Net-(JP1-Pad2)")
  (net 9 "Net-(JP2-Pad2)")
  (net 10 "Net-(D1-Pad1)")
  (net 11 /RESET)
  (net 12 /VBAT)
  (net 13 /PC13)
  (net 14 /PC14)
  (net 15 /PC15)
  (net 16 /OSCIN)
  (net 17 /OSCOUT)
  (net 18 /PA0)
  (net 19 /PA1)
  (net 20 /PA2)
  (net 21 /PA3)
  (net 22 /PA4)
  (net 23 /PA5)
  (net 24 /PA6)
  (net 25 /PA7)
  (net 26 /PB0)
  (net 27 /PB1)
  (net 28 /BOOT1)
  (net 29 /PB10)
  (net 30 /PB11)
  (net 31 /SWCLK)
  (net 32 /PA15)
  (net 33 /PB3)
  (net 34 /PB4)
  (net 35 /PB5)
  (net 36 /PB6)
  (net 37 /PB7)
  (net 38 /PB8)
  (net 39 /PB9)
  (net 40 "Net-(J3-Pad10)")
  (net 41 "Net-(J3-Pad11)")
  (net 42 "Net-(J3-Pad12)")
  (net 43 /PB12)
  (net 44 /PB13)
  (net 45 /PB14)
  (net 46 /PB15)
  (net 47 /PA8)
  (net 48 /PA9)
  (net 49 /PA10)
  (net 50 /PA11)
  (net 51 /PA12)
  (net 52 /SWIO)
  (net 53 "Net-(JP3-Pad1)")

  (net_class Default "This is the default net class."
    (clearance 0.2)
    (trace_width 0.25)
    (via_dia 0.8)
    (via_drill 0.4)
    (uvia_dia 0.3)
    (uvia_drill 0.1)
    (add_net +5V)
    (add_net /BOOT0)
    (add_net /BOOT1)
    (add_net /OSCIN)
    (add_net /OSCOUT)
    (add_net /PA0)
    (add_net /PA1)
    (add_net /PA10)
    (add_net /PA11)
    (add_net /PA12)
    (add_net /PA15)
    (add_net /PA2)
    (add_net /PA3)
    (add_net /PA4)
    (add_net /PA5)
    (add_net /PA6)
    (add_net /PA7)
    (add_net /PA8)
    (add_net /PA9)
    (add_net /PB0)
    (add_net /PB1)
    (add_net /PB10)
    (add_net /PB11)
    (add_net /PB12)
    (add_net /PB13)
    (add_net /PB14)
    (add_net /PB15)
    (add_net /PB3)
    (add_net /PB4)
    (add_net /PB5)
    (add_net /PB6)
    (add_net /PB7)
    (add_net /PB8)
    (add_net /PB9)
    (add_net /PC13)
    (add_net /PC14)
    (add_net /PC15)
    (add_net /RESET)
    (add_net /SWCLK)
    (add_net /SWIO)
    (add_net /VBAT)
    (add_net 3V3)
    (add_net GND)
    (add_net "Net-(D1-Pad1)")
    (add_net "Net-(D2-Pad1)")
    (add_net "Net-(J3-Pad10)")
    (add_net "Net-(J3-Pad11)")
    (add_net "Net-(J3-Pad12)")
    (add_net "Net-(JP1-Pad2)")
    (add_net "Net-(JP2-Pad2)")
    (add_net "Net-(JP3-Pad1)")
    (add_net "Net-(U3-Pad2)")
    (add_net "Net-(U3-Pad3)")
  )

  (module Capacitor_SMD:C_0603_1608Metric_Pad1.05x0.95mm_HandSolder (layer F.Cu) (tedit 5B301BBE) (tstamp 5C01FE33)
    (at 18.7 21.374999 270)
    (descr "Capacitor SMD 0603 (1608 Metric), square (rectangular) end terminal, IPC_7351 nominal with elongated pad for handsoldering. (Body size source: http://www.tortai-tech.com/upload/download/2011102023233369053.pdf), generated with kicad-footprint-generator")
    (tags "capacitor handsolder")
    (path /5BCBC4D6)
    (attr smd)
    (fp_text reference C1 (at 0 -1.43 270) (layer F.SilkS)
      (effects (font (size 1 1) (thickness 0.15)))
    )
    (fp_text value C104 (at 0 1.43 270) (layer F.Fab)
      (effects (font (size 1 1) (thickness 0.15)))
    )
    (fp_line (start -0.8 0.4) (end -0.8 -0.4) (layer F.Fab) (width 0.1))
    (fp_line (start -0.8 -0.4) (end 0.8 -0.4) (layer F.Fab) (width 0.1))
    (fp_line (start 0.8 -0.4) (end 0.8 0.4) (layer F.Fab) (width 0.1))
    (fp_line (start 0.8 0.4) (end -0.8 0.4) (layer F.Fab) (width 0.1))
    (fp_line (start -0.171268 -0.51) (end 0.171268 -0.51) (layer F.SilkS) (width 0.12))
    (fp_line (start -0.171268 0.51) (end 0.171268 0.51) (layer F.SilkS) (width 0.12))
    (fp_line (start -1.65 0.73) (end -1.65 -0.73) (layer F.CrtYd) (width 0.05))
    (fp_line (start -1.65 -0.73) (end 1.65 -0.73) (layer F.CrtYd) (width 0.05))
    (fp_line (start 1.65 -0.73) (end 1.65 0.73) (layer F.CrtYd) (width 0.05))
    (fp_line (start 1.65 0.73) (end -1.65 0.73) (layer F.CrtYd) (width 0.05))
    (fp_text user %R (at 0 0 270) (layer F.Fab)
      (effects (font (size 0.4 0.4) (thickness 0.06)))
    )
    (pad 1 smd roundrect (at -0.874999 0 270) (size 1.05 0.95) (layers F.Cu F.Paste F.Mask) (roundrect_rratio 0.25)
      (net 1 3V3))
    (pad 2 smd roundrect (at 0.874999 0 270) (size 1.05 0.95) (layers F.Cu F.Paste F.Mask) (roundrect_rratio 0.25)
      (net 3 GND))
    (model ${KISYS3DMOD}/Capacitor_SMD.3dshapes/C_0603_1608Metric.wrl
      (at (xyz 0 0 0))
      (scale (xyz 1 1 1))
      (rotate (xyz 0 0 0))
    )
  )

  (module Jumper:SolderJumper-2_P1.3mm_Open_TrianglePad1.0x1.5mm (layer F.Cu) (tedit 5A64794F) (tstamp 5C02F38C)
    (at 13.4 41.4 180)
    (descr "SMD Solder Jumper, 1x1.5mm Triangular Pads, 0.3mm gap, open")
    (tags "solder jumper open")
    (path /5BE05EFF)
    (attr virtual)
    (fp_text reference JP3 (at 0 -1.8 180) (layer F.SilkS)
      (effects (font (size 1 1) (thickness 0.15)))
    )
    (fp_text value Jumper_NO_Small (at 0 1.9 180) (layer F.Fab)
      (effects (font (size 1 1) (thickness 0.15)))
    )
    (fp_line (start -1.4 1) (end -1.4 -1) (layer F.SilkS) (width 0.12))
    (fp_line (start 1.4 1) (end -1.4 1) (layer F.SilkS) (width 0.12))
    (fp_line (start 1.4 -1) (end 1.4 1) (layer F.SilkS) (width 0.12))
    (fp_line (start -1.4 -1) (end 1.4 -1) (layer F.SilkS) (width 0.12))
    (fp_line (start -1.65 -1.25) (end 1.65 -1.25) (layer F.CrtYd) (width 0.05))
    (fp_line (start -1.65 -1.25) (end -1.65 1.25) (layer F.CrtYd) (width 0.05))
    (fp_line (start 1.65 1.25) (end 1.65 -1.25) (layer F.CrtYd) (width 0.05))
    (fp_line (start 1.65 1.25) (end -1.65 1.25) (layer F.CrtYd) (width 0.05))
    (pad 2 smd custom (at 0.725 0 180) (size 0.3 0.3) (layers F.Cu F.Mask)
      (net 2 +5V) (zone_connect 0)
      (options (clearance outline) (anchor rect))
      (primitives
        (gr_poly (pts
           (xy -0.65 -0.75) (xy 0.5 -0.75) (xy 0.5 0.75) (xy -0.65 0.75) (xy -0.15 0)
) (width 0))
      ))
    (pad 1 smd custom (at -0.725 0 180) (size 0.3 0.3) (layers F.Cu F.Mask)
      (net 53 "Net-(JP3-Pad1)") (zone_connect 0)
      (options (clearance outline) (anchor rect))
      (primitives
        (gr_poly (pts
           (xy -0.5 -0.75) (xy 0.5 -0.75) (xy 1 0) (xy 0.5 0.75) (xy -0.5 0.75)
) (width 0))
      ))
  )

  (module Capacitor_SMD:C_0603_1608Metric_Pad1.05x0.95mm_HandSolder (layer F.Cu) (tedit 5B301BBE) (tstamp 5BE549CC)
    (at 11.700075 19.606171 180)
    (descr "Capacitor SMD 0603 (1608 Metric), square (rectangular) end terminal, IPC_7351 nominal with elongated pad for handsoldering. (Body size source: http://www.tortai-tech.com/upload/download/2011102023233369053.pdf), generated with kicad-footprint-generator")
    (tags "capacitor handsolder")
    (path /5BD956B7)
    (attr smd)
    (fp_text reference C8 (at 0 -1.43 180) (layer F.SilkS)
      (effects (font (size 1 1) (thickness 0.15)))
    )
    (fp_text value C104 (at 0 1.43 180) (layer F.Fab)
      (effects (font (size 1 1) (thickness 0.15)))
    )
    (fp_line (start -0.8 0.4) (end -0.8 -0.4) (layer F.Fab) (width 0.1))
    (fp_line (start -0.8 -0.4) (end 0.8 -0.4) (layer F.Fab) (width 0.1))
    (fp_line (start 0.8 -0.4) (end 0.8 0.4) (layer F.Fab) (width 0.1))
    (fp_line (start 0.8 0.4) (end -0.8 0.4) (layer F.Fab) (width 0.1))
    (fp_line (start -0.171268 -0.51) (end 0.171268 -0.51) (layer F.SilkS) (width 0.12))
    (fp_line (start -0.171268 0.51) (end 0.171268 0.51) (layer F.SilkS) (width 0.12))
    (fp_line (start -1.65 0.73) (end -1.65 -0.73) (layer F.CrtYd) (width 0.05))
    (fp_line (start -1.65 -0.73) (end 1.65 -0.73) (layer F.CrtYd) (width 0.05))
    (fp_line (start 1.65 -0.73) (end 1.65 0.73) (layer F.CrtYd) (width 0.05))
    (fp_line (start 1.65 0.73) (end -1.65 0.73) (layer F.CrtYd) (width 0.05))
    (fp_text user %R (at 0 0 180) (layer F.Fab)
      (effects (font (size 0.4 0.4) (thickness 0.06)))
    )
    (pad 1 smd roundrect (at -0.874999 0 180) (size 1.05 0.95) (layers F.Cu F.Paste F.Mask) (roundrect_rratio 0.25)
      (net 1 3V3))
    (pad 2 smd roundrect (at 0.874999 0 180) (size 1.05 0.95) (layers F.Cu F.Paste F.Mask) (roundrect_rratio 0.25)
      (net 3 GND))
    (model ${KISYS3DMOD}/Capacitor_SMD.3dshapes/C_0603_1608Metric.wrl
      (at (xyz 0 0 0))
      (scale (xyz 1 1 1))
      (rotate (xyz 0 0 0))
    )
  )

  (module Crystal:Crystal_SMD_HC49-SD (layer F.Cu) (tedit 5A1AD52C) (tstamp 5BE5488F)
    (at 10.1 28.5 90)
    (descr "SMD Crystal HC-49-SD http://cdn-reichelt.de/documents/datenblatt/B400/xxx-HC49-SMD.pdf, 11.4x4.7mm^2 package")
    (tags "SMD SMT crystal")
    (path /5BCC6C8D)
    (attr smd)
    (fp_text reference Y1 (at 0 -3.55 90) (layer F.SilkS)
      (effects (font (size 1 1) (thickness 0.15)))
    )
    (fp_text value O8M (at 0 3.55 90) (layer F.Fab)
      (effects (font (size 1 1) (thickness 0.15)))
    )
    (fp_text user %R (at 0 0 90) (layer F.Fab)
      (effects (font (size 1 1) (thickness 0.15)))
    )
    (fp_line (start -5.7 -2.35) (end -5.7 2.35) (layer F.Fab) (width 0.1))
    (fp_line (start -5.7 2.35) (end 5.7 2.35) (layer F.Fab) (width 0.1))
    (fp_line (start 5.7 2.35) (end 5.7 -2.35) (layer F.Fab) (width 0.1))
    (fp_line (start 5.7 -2.35) (end -5.7 -2.35) (layer F.Fab) (width 0.1))
    (fp_line (start -3.015 -2.115) (end 3.015 -2.115) (layer F.Fab) (width 0.1))
    (fp_line (start -3.015 2.115) (end 3.015 2.115) (layer F.Fab) (width 0.1))
    (fp_line (start 5.9 -2.55) (end -6.7 -2.55) (layer F.SilkS) (width 0.12))
    (fp_line (start -6.7 -2.55) (end -6.7 2.55) (layer F.SilkS) (width 0.12))
    (fp_line (start -6.7 2.55) (end 5.9 2.55) (layer F.SilkS) (width 0.12))
    (fp_line (start -6.8 -2.6) (end -6.8 2.6) (layer F.CrtYd) (width 0.05))
    (fp_line (start -6.8 2.6) (end 6.8 2.6) (layer F.CrtYd) (width 0.05))
    (fp_line (start 6.8 2.6) (end 6.8 -2.6) (layer F.CrtYd) (width 0.05))
    (fp_line (start 6.8 -2.6) (end -6.8 -2.6) (layer F.CrtYd) (width 0.05))
    (fp_arc (start -3.015 0) (end -3.015 -2.115) (angle -180) (layer F.Fab) (width 0.1))
    (fp_arc (start 3.015 0) (end 3.015 -2.115) (angle 180) (layer F.Fab) (width 0.1))
    (pad 1 smd rect (at -4.25 0 90) (size 4.5 2) (layers F.Cu F.Paste F.Mask)
      (net 17 /OSCOUT))
    (pad 2 smd rect (at 4.25 0 90) (size 4.5 2) (layers F.Cu F.Paste F.Mask)
      (net 16 /OSCIN))
    (model ${KISYS3DMOD}/Crystal.3dshapes/Crystal_SMD_HC49-SD.wrl
      (at (xyz 0 0 0))
      (scale (xyz 1 1 1))
      (rotate (xyz 0 0 0))
    )
  )

  (module Capacitor_SMD:C_0603_1608Metric_Pad1.05x0.95mm_HandSolder (layer F.Cu) (tedit 5B301BBE) (tstamp 5BE54999)
    (at 3.5 30.3 180)
    (descr "Capacitor SMD 0603 (1608 Metric), square (rectangular) end terminal, IPC_7351 nominal with elongated pad for handsoldering. (Body size source: http://www.tortai-tech.com/upload/download/2011102023233369053.pdf), generated with kicad-footprint-generator")
    (tags "capacitor handsolder")
    (path /5BCC6C08)
    (attr smd)
    (fp_text reference C11 (at 0 -1.43 180) (layer F.SilkS)
      (effects (font (size 1 1) (thickness 0.15)))
    )
    (fp_text value C20pf (at 0 1.43 180) (layer F.Fab)
      (effects (font (size 1 1) (thickness 0.15)))
    )
    (fp_text user %R (at -0.54304 -10.21408 90) (layer F.Fab)
      (effects (font (size 0.4 0.4) (thickness 0.06)))
    )
    (fp_line (start 1.65 0.73) (end -1.65 0.73) (layer F.CrtYd) (width 0.05))
    (fp_line (start 1.65 -0.73) (end 1.65 0.73) (layer F.CrtYd) (width 0.05))
    (fp_line (start -1.65 -0.73) (end 1.65 -0.73) (layer F.CrtYd) (width 0.05))
    (fp_line (start -1.65 0.73) (end -1.65 -0.73) (layer F.CrtYd) (width 0.05))
    (fp_line (start -0.171267 0.51) (end 0.171267 0.51) (layer F.SilkS) (width 0.12))
    (fp_line (start -0.171267 -0.51) (end 0.171267 -0.51) (layer F.SilkS) (width 0.12))
    (fp_line (start 0.8 0.4) (end -0.8 0.4) (layer F.Fab) (width 0.1))
    (fp_line (start 0.8 -0.4) (end 0.8 0.4) (layer F.Fab) (width 0.1))
    (fp_line (start -0.8 -0.4) (end 0.8 -0.4) (layer F.Fab) (width 0.1))
    (fp_line (start -0.8 0.4) (end -0.8 -0.4) (layer F.Fab) (width 0.1))
    (pad 2 smd roundrect (at 0.875 0 180) (size 1.05 0.95) (layers F.Cu F.Paste F.Mask) (roundrect_rratio 0.25)
      (net 3 GND))
    (pad 1 smd roundrect (at -0.875 0 180) (size 1.05 0.95) (layers F.Cu F.Paste F.Mask) (roundrect_rratio 0.25)
      (net 16 /OSCIN))
    (model ${KISYS3DMOD}/Capacitor_SMD.3dshapes/C_0603_1608Metric.wrl
      (at (xyz 0 0 0))
      (scale (xyz 1 1 1))
      (rotate (xyz 0 0 0))
    )
  )

  (module Capacitor_SMD:C_0603_1608Metric_Pad1.05x0.95mm_HandSolder (layer F.Cu) (tedit 5B301BBE) (tstamp 5BE549AA)
    (at 3.5 32.1 180)
    (descr "Capacitor SMD 0603 (1608 Metric), square (rectangular) end terminal, IPC_7351 nominal with elongated pad for handsoldering. (Body size source: http://www.tortai-tech.com/upload/download/2011102023233369053.pdf), generated with kicad-footprint-generator")
    (tags "capacitor handsolder")
    (path /5BCC6BCE)
    (attr smd)
    (fp_text reference C10 (at 0 -1.43 180) (layer F.SilkS)
      (effects (font (size 1 1) (thickness 0.15)))
    )
    (fp_text value C20pf (at 0 1.43 180) (layer F.Fab)
      (effects (font (size 1 1) (thickness 0.15)))
    )
    (fp_line (start -0.8 0.4) (end -0.8 -0.4) (layer F.Fab) (width 0.1))
    (fp_line (start -0.8 -0.4) (end 0.8 -0.4) (layer F.Fab) (width 0.1))
    (fp_line (start 0.8 -0.4) (end 0.8 0.4) (layer F.Fab) (width 0.1))
    (fp_line (start 0.8 0.4) (end -0.8 0.4) (layer F.Fab) (width 0.1))
    (fp_line (start -0.171267 -0.51) (end 0.171267 -0.51) (layer F.SilkS) (width 0.12))
    (fp_line (start -0.171267 0.51) (end 0.171267 0.51) (layer F.SilkS) (width 0.12))
    (fp_line (start -1.65 0.73) (end -1.65 -0.73) (layer F.CrtYd) (width 0.05))
    (fp_line (start -1.65 -0.73) (end 1.65 -0.73) (layer F.CrtYd) (width 0.05))
    (fp_line (start 1.65 -0.73) (end 1.65 0.73) (layer F.CrtYd) (width 0.05))
    (fp_line (start 1.65 0.73) (end -1.65 0.73) (layer F.CrtYd) (width 0.05))
    (fp_text user %R (at 0 0 180) (layer F.Fab)
      (effects (font (size 0.4 0.4) (thickness 0.06)))
    )
    (pad 1 smd roundrect (at -0.875 0 180) (size 1.05 0.95) (layers F.Cu F.Paste F.Mask) (roundrect_rratio 0.25)
      (net 17 /OSCOUT))
    (pad 2 smd roundrect (at 0.875 0 180) (size 1.05 0.95) (layers F.Cu F.Paste F.Mask) (roundrect_rratio 0.25)
      (net 3 GND))
    (model ${KISYS3DMOD}/Capacitor_SMD.3dshapes/C_0603_1608Metric.wrl
      (at (xyz 0 0 0))
      (scale (xyz 1 1 1))
      (rotate (xyz 0 0 0))
    )
  )

  (module Button_Switch_SMD:SW_SPST_CK_RS282G05A3 (layer F.Cu) (tedit 5A7A67D2) (tstamp 5BE54A2B)
    (at 14.85948 28.73536 90)
    (descr https://www.mouser.com/ds/2/60/RS-282G05A-SM_RT-1159762.pdf)
    (tags "SPST button tactile switch")
    (path /5BCDA0C8)
    (attr smd)
    (fp_text reference SW1 (at 0 -2.6 90) (layer F.SilkS)
      (effects (font (size 1 1) (thickness 0.15)))
    )
    (fp_text value SW_Push (at 0 3 90) (layer F.Fab)
      (effects (font (size 1 1) (thickness 0.15)))
    )
    (fp_line (start -4.9 2.05) (end -4.9 -2.05) (layer F.CrtYd) (width 0.05))
    (fp_line (start 4.9 2.05) (end -4.9 2.05) (layer F.CrtYd) (width 0.05))
    (fp_line (start 4.9 -2.05) (end 4.9 2.05) (layer F.CrtYd) (width 0.05))
    (fp_line (start -4.9 -2.05) (end 4.9 -2.05) (layer F.CrtYd) (width 0.05))
    (fp_text user %R (at 0 -2.6 90) (layer F.Fab)
      (effects (font (size 1 1) (thickness 0.15)))
    )
    (fp_line (start -1.75 -1) (end 1.75 -1) (layer F.Fab) (width 0.1))
    (fp_line (start 1.75 -1) (end 1.75 1) (layer F.Fab) (width 0.1))
    (fp_line (start 1.75 1) (end -1.75 1) (layer F.Fab) (width 0.1))
    (fp_line (start -1.75 1) (end -1.75 -1) (layer F.Fab) (width 0.1))
    (fp_line (start -3.06 -1.85) (end 3.06 -1.85) (layer F.SilkS) (width 0.12))
    (fp_line (start 3.06 -1.85) (end 3.06 1.85) (layer F.SilkS) (width 0.12))
    (fp_line (start 3.06 1.85) (end -3.06 1.85) (layer F.SilkS) (width 0.12))
    (fp_line (start -3.06 1.85) (end -3.06 -1.85) (layer F.SilkS) (width 0.12))
    (fp_line (start -1.5 0.8) (end 1.5 0.8) (layer F.Fab) (width 0.1))
    (fp_line (start -1.5 -0.8) (end 1.5 -0.8) (layer F.Fab) (width 0.1))
    (fp_line (start 1.5 -0.8) (end 1.5 0.8) (layer F.Fab) (width 0.1))
    (fp_line (start -1.5 -0.8) (end -1.5 0.8) (layer F.Fab) (width 0.1))
    (fp_line (start -3 1.8) (end 3 1.8) (layer F.Fab) (width 0.1))
    (fp_line (start -3 -1.8) (end 3 -1.8) (layer F.Fab) (width 0.1))
    (fp_line (start -3 -1.8) (end -3 1.8) (layer F.Fab) (width 0.1))
    (fp_line (start 3 -1.8) (end 3 1.8) (layer F.Fab) (width 0.1))
    (pad 1 smd rect (at -3.9 0 90) (size 1.5 1.5) (layers F.Cu F.Paste F.Mask)
      (net 3 GND))
    (pad 2 smd rect (at 3.9 0 90) (size 1.5 1.5) (layers F.Cu F.Paste F.Mask)
      (net 11 /RESET))
    (model ${KISYS3DMOD}/Button_Switch_SMD.3dshapes/SW_SPST_CK_RS282G05A3.wrl
      (at (xyz 0 0 0))
      (scale (xyz 1 1 1))
      (rotate (xyz 0 0 0))
    )
  )

  (module Capacitor_SMD:C_0603_1608Metric_Pad1.05x0.95mm_HandSolder (layer F.Cu) (tedit 5B301BBE) (tstamp 5BE54A10)
    (at 22.475 8.9)
    (descr "Capacitor SMD 0603 (1608 Metric), square (rectangular) end terminal, IPC_7351 nominal with elongated pad for handsoldering. (Body size source: http://www.tortai-tech.com/upload/download/2011102023233369053.pdf), generated with kicad-footprint-generator")
    (tags "capacitor handsolder")
    (path /5BCBD860)
    (attr smd)
    (fp_text reference C2 (at 0 -1.43) (layer F.SilkS)
      (effects (font (size 1 1) (thickness 0.15)))
    )
    (fp_text value C104 (at 0 1.43) (layer F.Fab)
      (effects (font (size 1 1) (thickness 0.15)))
    )
    (fp_line (start -0.8 0.4) (end -0.8 -0.4) (layer F.Fab) (width 0.1))
    (fp_line (start -0.8 -0.4) (end 0.8 -0.4) (layer F.Fab) (width 0.1))
    (fp_line (start 0.8 -0.4) (end 0.8 0.4) (layer F.Fab) (width 0.1))
    (fp_line (start 0.8 0.4) (end -0.8 0.4) (layer F.Fab) (width 0.1))
    (fp_line (start -0.171267 -0.51) (end 0.171267 -0.51) (layer F.SilkS) (width 0.12))
    (fp_line (start -0.171267 0.51) (end 0.171267 0.51) (layer F.SilkS) (width 0.12))
    (fp_line (start -1.65 0.73) (end -1.65 -0.73) (layer F.CrtYd) (width 0.05))
    (fp_line (start -1.65 -0.73) (end 1.65 -0.73) (layer F.CrtYd) (width 0.05))
    (fp_line (start 1.65 -0.73) (end 1.65 0.73) (layer F.CrtYd) (width 0.05))
    (fp_line (start 1.65 0.73) (end -1.65 0.73) (layer F.CrtYd) (width 0.05))
    (fp_text user %R (at 0 0) (layer F.Fab)
      (effects (font (size 0.4 0.4) (thickness 0.06)))
    )
    (pad 1 smd roundrect (at -0.875 0) (size 1.05 0.95) (layers F.Cu F.Paste F.Mask) (roundrect_rratio 0.25)
      (net 1 3V3))
    (pad 2 smd roundrect (at 0.875 0) (size 1.05 0.95) (layers F.Cu F.Paste F.Mask) (roundrect_rratio 0.25)
      (net 3 GND))
    (model ${KISYS3DMOD}/Capacitor_SMD.3dshapes/C_0603_1608Metric.wrl
      (at (xyz 0 0 0))
      (scale (xyz 1 1 1))
      (rotate (xyz 0 0 0))
    )
  )

  (module Capacitor_SMD:C_0603_1608Metric_Pad1.05x0.95mm_HandSolder (layer F.Cu) (tedit 5B301BBE) (tstamp 5BE549FF)
    (at 11.700075 17.813711 180)
    (descr "Capacitor SMD 0603 (1608 Metric), square (rectangular) end terminal, IPC_7351 nominal with elongated pad for handsoldering. (Body size source: http://www.tortai-tech.com/upload/download/2011102023233369053.pdf), generated with kicad-footprint-generator")
    (tags "capacitor handsolder")
    (path /5BCBE2F2)
    (attr smd)
    (fp_text reference C3 (at 0 -1.43 180) (layer F.SilkS)
      (effects (font (size 1 1) (thickness 0.15)))
    )
    (fp_text value C104 (at 0 1.43 180) (layer F.Fab)
      (effects (font (size 1 1) (thickness 0.15)))
    )
    (fp_text user %R (at 0 0 180) (layer F.Fab)
      (effects (font (size 0.4 0.4) (thickness 0.06)))
    )
    (fp_line (start 1.65 0.73) (end -1.65 0.73) (layer F.CrtYd) (width 0.05))
    (fp_line (start 1.65 -0.73) (end 1.65 0.73) (layer F.CrtYd) (width 0.05))
    (fp_line (start -1.65 -0.73) (end 1.65 -0.73) (layer F.CrtYd) (width 0.05))
    (fp_line (start -1.65 0.73) (end -1.65 -0.73) (layer F.CrtYd) (width 0.05))
    (fp_line (start -0.171268 0.51) (end 0.171268 0.51) (layer F.SilkS) (width 0.12))
    (fp_line (start -0.171268 -0.51) (end 0.171268 -0.51) (layer F.SilkS) (width 0.12))
    (fp_line (start 0.8 0.4) (end -0.8 0.4) (layer F.Fab) (width 0.1))
    (fp_line (start 0.8 -0.4) (end 0.8 0.4) (layer F.Fab) (width 0.1))
    (fp_line (start -0.8 -0.4) (end 0.8 -0.4) (layer F.Fab) (width 0.1))
    (fp_line (start -0.8 0.4) (end -0.8 -0.4) (layer F.Fab) (width 0.1))
    (pad 2 smd roundrect (at 0.874999 0 180) (size 1.05 0.95) (layers F.Cu F.Paste F.Mask) (roundrect_rratio 0.25)
      (net 3 GND))
    (pad 1 smd roundrect (at -0.874999 0 180) (size 1.05 0.95) (layers F.Cu F.Paste F.Mask) (roundrect_rratio 0.25)
      (net 1 3V3))
    (model ${KISYS3DMOD}/Capacitor_SMD.3dshapes/C_0603_1608Metric.wrl
      (at (xyz 0 0 0))
      (scale (xyz 1 1 1))
      (rotate (xyz 0 0 0))
    )
  )

  (module Capacitor_SMD:C_0603_1608Metric_Pad1.05x0.95mm_HandSolder (layer F.Cu) (tedit 5B301BBE) (tstamp 5BE549EE)
    (at 12.6 8.15 90)
    (descr "Capacitor SMD 0603 (1608 Metric), square (rectangular) end terminal, IPC_7351 nominal with elongated pad for handsoldering. (Body size source: http://www.tortai-tech.com/upload/download/2011102023233369053.pdf), generated with kicad-footprint-generator")
    (tags "capacitor handsolder")
    (path /5BCBE306)
    (attr smd)
    (fp_text reference C4 (at 0 -1.43 90) (layer F.SilkS)
      (effects (font (size 1 1) (thickness 0.15)))
    )
    (fp_text value C104 (at 0 1.43 90) (layer F.Fab)
      (effects (font (size 1 1) (thickness 0.15)))
    )
    (fp_line (start -0.8 0.4) (end -0.8 -0.4) (layer F.Fab) (width 0.1))
    (fp_line (start -0.8 -0.4) (end 0.8 -0.4) (layer F.Fab) (width 0.1))
    (fp_line (start 0.8 -0.4) (end 0.8 0.4) (layer F.Fab) (width 0.1))
    (fp_line (start 0.8 0.4) (end -0.8 0.4) (layer F.Fab) (width 0.1))
    (fp_line (start -0.171267 -0.51) (end 0.171267 -0.51) (layer F.SilkS) (width 0.12))
    (fp_line (start -0.171267 0.51) (end 0.171267 0.51) (layer F.SilkS) (width 0.12))
    (fp_line (start -1.65 0.73) (end -1.65 -0.73) (layer F.CrtYd) (width 0.05))
    (fp_line (start -1.65 -0.73) (end 1.65 -0.73) (layer F.CrtYd) (width 0.05))
    (fp_line (start 1.65 -0.73) (end 1.65 0.73) (layer F.CrtYd) (width 0.05))
    (fp_line (start 1.65 0.73) (end -1.65 0.73) (layer F.CrtYd) (width 0.05))
    (fp_text user %R (at 0 0 90) (layer F.Fab)
      (effects (font (size 0.4 0.4) (thickness 0.06)))
    )
    (pad 1 smd roundrect (at -0.875 0 90) (size 1.05 0.95) (layers F.Cu F.Paste F.Mask) (roundrect_rratio 0.25)
      (net 1 3V3))
    (pad 2 smd roundrect (at 0.875 0 90) (size 1.05 0.95) (layers F.Cu F.Paste F.Mask) (roundrect_rratio 0.25)
      (net 3 GND))
    (model ${KISYS3DMOD}/Capacitor_SMD.3dshapes/C_0603_1608Metric.wrl
      (at (xyz 0 0 0))
      (scale (xyz 1 1 1))
      (rotate (xyz 0 0 0))
    )
  )

  (module Capacitor_SMD:C_0603_1608Metric_Pad1.05x0.95mm_HandSolder (layer F.Cu) (tedit 5B301BBE) (tstamp 5BE549DD)
    (at 14.5 36.5 180)
    (descr "Capacitor SMD 0603 (1608 Metric), square (rectangular) end terminal, IPC_7351 nominal with elongated pad for handsoldering. (Body size source: http://www.tortai-tech.com/upload/download/2011102023233369053.pdf), generated with kicad-footprint-generator")
    (tags "capacitor handsolder")
    (path /5BD2B7D8)
    (attr smd)
    (fp_text reference C7 (at 0 -1.43 180) (layer F.SilkS)
      (effects (font (size 1 1) (thickness 0.15)))
    )
    (fp_text value C105 (at 0 1.43 180) (layer F.Fab)
      (effects (font (size 1 1) (thickness 0.15)))
    )
    (fp_text user %R (at 0 0 180) (layer F.Fab)
      (effects (font (size 0.4 0.4) (thickness 0.06)))
    )
    (fp_line (start 1.65 0.73) (end -1.65 0.73) (layer F.CrtYd) (width 0.05))
    (fp_line (start 1.65 -0.73) (end 1.65 0.73) (layer F.CrtYd) (width 0.05))
    (fp_line (start -1.65 -0.73) (end 1.65 -0.73) (layer F.CrtYd) (width 0.05))
    (fp_line (start -1.65 0.73) (end -1.65 -0.73) (layer F.CrtYd) (width 0.05))
    (fp_line (start -0.171267 0.51) (end 0.171267 0.51) (layer F.SilkS) (width 0.12))
    (fp_line (start -0.171267 -0.51) (end 0.171267 -0.51) (layer F.SilkS) (width 0.12))
    (fp_line (start 0.8 0.4) (end -0.8 0.4) (layer F.Fab) (width 0.1))
    (fp_line (start 0.8 -0.4) (end 0.8 0.4) (layer F.Fab) (width 0.1))
    (fp_line (start -0.8 -0.4) (end 0.8 -0.4) (layer F.Fab) (width 0.1))
    (fp_line (start -0.8 0.4) (end -0.8 -0.4) (layer F.Fab) (width 0.1))
    (pad 2 smd roundrect (at 0.875 0 180) (size 1.05 0.95) (layers F.Cu F.Paste F.Mask) (roundrect_rratio 0.25)
      (net 3 GND))
    (pad 1 smd roundrect (at -0.875 0 180) (size 1.05 0.95) (layers F.Cu F.Paste F.Mask) (roundrect_rratio 0.25)
      (net 1 3V3))
    (model ${KISYS3DMOD}/Capacitor_SMD.3dshapes/C_0603_1608Metric.wrl
      (at (xyz 0 0 0))
      (scale (xyz 1 1 1))
      (rotate (xyz 0 0 0))
    )
  )

  (module Capacitor_SMD:C_0603_1608Metric_Pad1.05x0.95mm_HandSolder (layer F.Cu) (tedit 5B301BBE) (tstamp 5BE549BB)
    (at 18.00948 31.76036 270)
    (descr "Capacitor SMD 0603 (1608 Metric), square (rectangular) end terminal, IPC_7351 nominal with elongated pad for handsoldering. (Body size source: http://www.tortai-tech.com/upload/download/2011102023233369053.pdf), generated with kicad-footprint-generator")
    (tags "capacitor handsolder")
    (path /5BCD9E3F)
    (attr smd)
    (fp_text reference C9 (at 0 -1.43 270) (layer F.SilkS)
      (effects (font (size 1 1) (thickness 0.15)))
    )
    (fp_text value C105 (at 0 1.43 270) (layer F.Fab)
      (effects (font (size 1 1) (thickness 0.15)))
    )
    (fp_text user %R (at 0 0 270) (layer F.Fab)
      (effects (font (size 0.4 0.4) (thickness 0.06)))
    )
    (fp_line (start 1.65 0.73) (end -1.65 0.73) (layer F.CrtYd) (width 0.05))
    (fp_line (start 1.65 -0.73) (end 1.65 0.73) (layer F.CrtYd) (width 0.05))
    (fp_line (start -1.65 -0.73) (end 1.65 -0.73) (layer F.CrtYd) (width 0.05))
    (fp_line (start -1.65 0.73) (end -1.65 -0.73) (layer F.CrtYd) (width 0.05))
    (fp_line (start -0.171267 0.51) (end 0.171267 0.51) (layer F.SilkS) (width 0.12))
    (fp_line (start -0.171267 -0.51) (end 0.171267 -0.51) (layer F.SilkS) (width 0.12))
    (fp_line (start 0.8 0.4) (end -0.8 0.4) (layer F.Fab) (width 0.1))
    (fp_line (start 0.8 -0.4) (end 0.8 0.4) (layer F.Fab) (width 0.1))
    (fp_line (start -0.8 -0.4) (end 0.8 -0.4) (layer F.Fab) (width 0.1))
    (fp_line (start -0.8 0.4) (end -0.8 -0.4) (layer F.Fab) (width 0.1))
    (pad 2 smd roundrect (at 0.875 0 270) (size 1.05 0.95) (layers F.Cu F.Paste F.Mask) (roundrect_rratio 0.25)
      (net 3 GND))
    (pad 1 smd roundrect (at -0.875 0 270) (size 1.05 0.95) (layers F.Cu F.Paste F.Mask) (roundrect_rratio 0.25)
      (net 11 /RESET))
    (model ${KISYS3DMOD}/Capacitor_SMD.3dshapes/C_0603_1608Metric.wrl
      (at (xyz 0 0 0))
      (scale (xyz 1 1 1))
      (rotate (xyz 0 0 0))
    )
  )

  (module Capacitor_SMD:C_0603_1608Metric_Pad1.05x0.95mm_HandSolder (layer F.Cu) (tedit 5B301BBE) (tstamp 5BE54988)
    (at 3.65 25.4 180)
    (descr "Capacitor SMD 0603 (1608 Metric), square (rectangular) end terminal, IPC_7351 nominal with elongated pad for handsoldering. (Body size source: http://www.tortai-tech.com/upload/download/2011102023233369053.pdf), generated with kicad-footprint-generator")
    (tags "capacitor handsolder")
    (path /5BCBF1ED)
    (attr smd)
    (fp_text reference C12 (at 0 -1.43 180) (layer F.SilkS)
      (effects (font (size 1 1) (thickness 0.15)))
    )
    (fp_text value C20pf (at 0 1.43 180) (layer F.Fab)
      (effects (font (size 1 1) (thickness 0.15)))
    )
    (fp_line (start -0.8 0.4) (end -0.8 -0.4) (layer F.Fab) (width 0.1))
    (fp_line (start -0.8 -0.4) (end 0.8 -0.4) (layer F.Fab) (width 0.1))
    (fp_line (start 0.8 -0.4) (end 0.8 0.4) (layer F.Fab) (width 0.1))
    (fp_line (start 0.8 0.4) (end -0.8 0.4) (layer F.Fab) (width 0.1))
    (fp_line (start -0.171267 -0.51) (end 0.171267 -0.51) (layer F.SilkS) (width 0.12))
    (fp_line (start -0.171267 0.51) (end 0.171267 0.51) (layer F.SilkS) (width 0.12))
    (fp_line (start -1.65 0.73) (end -1.65 -0.73) (layer F.CrtYd) (width 0.05))
    (fp_line (start -1.65 -0.73) (end 1.65 -0.73) (layer F.CrtYd) (width 0.05))
    (fp_line (start 1.65 -0.73) (end 1.65 0.73) (layer F.CrtYd) (width 0.05))
    (fp_line (start 1.65 0.73) (end -1.65 0.73) (layer F.CrtYd) (width 0.05))
    (fp_text user %R (at 0 0 180) (layer F.Fab)
      (effects (font (size 0.4 0.4) (thickness 0.06)))
    )
    (pad 1 smd roundrect (at -0.875 0 180) (size 1.05 0.95) (layers F.Cu F.Paste F.Mask) (roundrect_rratio 0.25)
      (net 15 /PC15))
    (pad 2 smd roundrect (at 0.875 0 180) (size 1.05 0.95) (layers F.Cu F.Paste F.Mask) (roundrect_rratio 0.25)
      (net 3 GND))
    (model ${KISYS3DMOD}/Capacitor_SMD.3dshapes/C_0603_1608Metric.wrl
      (at (xyz 0 0 0))
      (scale (xyz 1 1 1))
      (rotate (xyz 0 0 0))
    )
  )

  (module Capacitor_SMD:C_0603_1608Metric_Pad1.05x0.95mm_HandSolder (layer F.Cu) (tedit 5B301BBE) (tstamp 5BE54977)
    (at 3.65 23.9 180)
    (descr "Capacitor SMD 0603 (1608 Metric), square (rectangular) end terminal, IPC_7351 nominal with elongated pad for handsoldering. (Body size source: http://www.tortai-tech.com/upload/download/2011102023233369053.pdf), generated with kicad-footprint-generator")
    (tags "capacitor handsolder")
    (path /5BCBF22D)
    (attr smd)
    (fp_text reference C13 (at 0 -1.43 180) (layer F.SilkS)
      (effects (font (size 1 1) (thickness 0.15)))
    )
    (fp_text value C20pf (at 0 1.43 180) (layer F.Fab)
      (effects (font (size 1 1) (thickness 0.15)))
    )
    (fp_text user %R (at 0 0 180) (layer F.Fab)
      (effects (font (size 0.4 0.4) (thickness 0.06)))
    )
    (fp_line (start 1.65 0.73) (end -1.65 0.73) (layer F.CrtYd) (width 0.05))
    (fp_line (start 1.65 -0.73) (end 1.65 0.73) (layer F.CrtYd) (width 0.05))
    (fp_line (start -1.65 -0.73) (end 1.65 -0.73) (layer F.CrtYd) (width 0.05))
    (fp_line (start -1.65 0.73) (end -1.65 -0.73) (layer F.CrtYd) (width 0.05))
    (fp_line (start -0.171267 0.51) (end 0.171267 0.51) (layer F.SilkS) (width 0.12))
    (fp_line (start -0.171267 -0.51) (end 0.171267 -0.51) (layer F.SilkS) (width 0.12))
    (fp_line (start 0.8 0.4) (end -0.8 0.4) (layer F.Fab) (width 0.1))
    (fp_line (start 0.8 -0.4) (end 0.8 0.4) (layer F.Fab) (width 0.1))
    (fp_line (start -0.8 -0.4) (end 0.8 -0.4) (layer F.Fab) (width 0.1))
    (fp_line (start -0.8 0.4) (end -0.8 -0.4) (layer F.Fab) (width 0.1))
    (pad 2 smd roundrect (at 0.875 0 180) (size 1.05 0.95) (layers F.Cu F.Paste F.Mask) (roundrect_rratio 0.25)
      (net 3 GND))
    (pad 1 smd roundrect (at -0.875 0 180) (size 1.05 0.95) (layers F.Cu F.Paste F.Mask) (roundrect_rratio 0.25)
      (net 14 /PC14))
    (model ${KISYS3DMOD}/Capacitor_SMD.3dshapes/C_0603_1608Metric.wrl
      (at (xyz 0 0 0))
      (scale (xyz 1 1 1))
      (rotate (xyz 0 0 0))
    )
  )

  (module Capacitor_Tantalum_SMD:CP_EIA-2012-12_Kemet-R_Pad1.30x1.05mm_HandSolder (layer F.Cu) (tedit 5B301BBE) (tstamp 5BE54955)
    (at 3.6 33.9)
    (descr "Tantalum Capacitor SMD Kemet-R (2012-12 Metric), IPC_7351 nominal, (Body size from: https://www.vishay.com/docs/40182/tmch.pdf), generated with kicad-footprint-generator")
    (tags "capacitor tantalum")
    (path /5BD2B61B)
    (attr smd)
    (fp_text reference C5 (at 0 -1.58) (layer F.SilkS)
      (effects (font (size 1 1) (thickness 0.15)))
    )
    (fp_text value TC106,10V (at 0 1.58) (layer F.Fab)
      (effects (font (size 1 1) (thickness 0.15)))
    )
    (fp_text user %R (at 0 0) (layer F.Fab)
      (effects (font (size 0.5 0.5) (thickness 0.08)))
    )
    (fp_line (start 1.88 0.88) (end -1.88 0.88) (layer F.CrtYd) (width 0.05))
    (fp_line (start 1.88 -0.88) (end 1.88 0.88) (layer F.CrtYd) (width 0.05))
    (fp_line (start -1.88 -0.88) (end 1.88 -0.88) (layer F.CrtYd) (width 0.05))
    (fp_line (start -1.88 0.88) (end -1.88 -0.88) (layer F.CrtYd) (width 0.05))
    (fp_line (start -1.885 0.785) (end 1 0.785) (layer F.SilkS) (width 0.12))
    (fp_line (start -1.885 -0.785) (end -1.885 0.785) (layer F.SilkS) (width 0.12))
    (fp_line (start 1 -0.785) (end -1.885 -0.785) (layer F.SilkS) (width 0.12))
    (fp_line (start 1 0.625) (end 1 -0.625) (layer F.Fab) (width 0.1))
    (fp_line (start -1 0.625) (end 1 0.625) (layer F.Fab) (width 0.1))
    (fp_line (start -1 -0.3125) (end -1 0.625) (layer F.Fab) (width 0.1))
    (fp_line (start -0.6875 -0.625) (end -1 -0.3125) (layer F.Fab) (width 0.1))
    (fp_line (start 1 -0.625) (end -0.6875 -0.625) (layer F.Fab) (width 0.1))
    (pad 2 smd roundrect (at 0.975 0) (size 1.3 1.05) (layers F.Cu F.Paste F.Mask) (roundrect_rratio 0.238095)
      (net 3 GND))
    (pad 1 smd roundrect (at -0.975 0) (size 1.3 1.05) (layers F.Cu F.Paste F.Mask) (roundrect_rratio 0.238095)
      (net 2 +5V))
    (model ${KISYS3DMOD}/Capacitor_Tantalum_SMD.3dshapes/CP_EIA-2012-12_Kemet-R.wrl
      (at (xyz 0 0 0))
      (scale (xyz 1 1 1))
      (rotate (xyz 0 0 0))
    )
  )

  (module Capacitor_Tantalum_SMD:CP_EIA-2012-12_Kemet-R_Pad1.30x1.05mm_HandSolder (layer F.Cu) (tedit 5B301BBE) (tstamp 5BE54942)
    (at 14.7 34.7 180)
    (descr "Tantalum Capacitor SMD Kemet-R (2012-12 Metric), IPC_7351 nominal, (Body size from: https://www.vishay.com/docs/40182/tmch.pdf), generated with kicad-footprint-generator")
    (tags "capacitor tantalum")
    (path /5BD2B68F)
    (attr smd)
    (fp_text reference C6 (at 0 -1.58 180) (layer F.SilkS)
      (effects (font (size 1 1) (thickness 0.15)))
    )
    (fp_text value TC106,10V (at 0 1.58 180) (layer F.Fab)
      (effects (font (size 1 1) (thickness 0.15)))
    )
    (fp_line (start 1 -0.625) (end -0.6875 -0.625) (layer F.Fab) (width 0.1))
    (fp_line (start -0.6875 -0.625) (end -1 -0.3125) (layer F.Fab) (width 0.1))
    (fp_line (start -1 -0.3125) (end -1 0.625) (layer F.Fab) (width 0.1))
    (fp_line (start -1 0.625) (end 1 0.625) (layer F.Fab) (width 0.1))
    (fp_line (start 1 0.625) (end 1 -0.625) (layer F.Fab) (width 0.1))
    (fp_line (start 1 -0.785) (end -1.885 -0.785) (layer F.SilkS) (width 0.12))
    (fp_line (start -1.885 -0.785) (end -1.885 0.785) (layer F.SilkS) (width 0.12))
    (fp_line (start -1.885 0.785) (end 1 0.785) (layer F.SilkS) (width 0.12))
    (fp_line (start -1.88 0.88) (end -1.88 -0.88) (layer F.CrtYd) (width 0.05))
    (fp_line (start -1.88 -0.88) (end 1.88 -0.88) (layer F.CrtYd) (width 0.05))
    (fp_line (start 1.88 -0.88) (end 1.88 0.88) (layer F.CrtYd) (width 0.05))
    (fp_line (start 1.88 0.88) (end -1.88 0.88) (layer F.CrtYd) (width 0.05))
    (fp_text user %R (at 0 0 180) (layer F.Fab)
      (effects (font (size 0.5 0.5) (thickness 0.08)))
    )
    (pad 1 smd roundrect (at -0.975 0 180) (size 1.3 1.05) (layers F.Cu F.Paste F.Mask) (roundrect_rratio 0.238095)
      (net 1 3V3))
    (pad 2 smd roundrect (at 0.975 0 180) (size 1.3 1.05) (layers F.Cu F.Paste F.Mask) (roundrect_rratio 0.238095)
      (net 3 GND))
    (model ${KISYS3DMOD}/Capacitor_Tantalum_SMD.3dshapes/CP_EIA-2012-12_Kemet-R.wrl
      (at (xyz 0 0 0))
      (scale (xyz 1 1 1))
      (rotate (xyz 0 0 0))
    )
  )

  (module Connector_PinHeader_1.27mm:PinHeader_1x12_P1.27mm_Vertical (layer F.Cu) (tedit 59FED6E3) (tstamp 5C10D969)
    (at 23.82674 3.4 270)
    (descr "Through hole straight pin header, 1x12, 1.27mm pitch, single row")
    (tags "Through hole pin header THT 1x12 1.27mm single row")
    (path /5BDC51B3)
    (fp_text reference J3 (at 0 -1.695 270) (layer F.SilkS)
      (effects (font (size 1 1) (thickness 0.15)))
    )
    (fp_text value Conn_01x12 (at 0 15.665 270) (layer F.Fab)
      (effects (font (size 1 1) (thickness 0.15)))
    )
    (fp_line (start -0.525 -0.635) (end 1.05 -0.635) (layer F.Fab) (width 0.1))
    (fp_line (start 1.05 -0.635) (end 1.05 14.605) (layer F.Fab) (width 0.1))
    (fp_line (start 1.05 14.605) (end -1.05 14.605) (layer F.Fab) (width 0.1))
    (fp_line (start -1.05 14.605) (end -1.05 -0.11) (layer F.Fab) (width 0.1))
    (fp_line (start -1.05 -0.11) (end -0.525 -0.635) (layer F.Fab) (width 0.1))
    (fp_line (start -1.11 14.665) (end -0.30753 14.665) (layer F.SilkS) (width 0.12))
    (fp_line (start 0.30753 14.665) (end 1.11 14.665) (layer F.SilkS) (width 0.12))
    (fp_line (start -1.11 0.76) (end -1.11 14.665) (layer F.SilkS) (width 0.12))
    (fp_line (start 1.11 0.76) (end 1.11 14.665) (layer F.SilkS) (width 0.12))
    (fp_line (start -1.11 0.76) (end -0.563471 0.76) (layer F.SilkS) (width 0.12))
    (fp_line (start 0.563471 0.76) (end 1.11 0.76) (layer F.SilkS) (width 0.12))
    (fp_line (start -1.11 0) (end -1.11 -0.76) (layer F.SilkS) (width 0.12))
    (fp_line (start -1.11 -0.76) (end 0 -0.76) (layer F.SilkS) (width 0.12))
    (fp_line (start -1.55 -1.15) (end -1.55 15.15) (layer F.CrtYd) (width 0.05))
    (fp_line (start -1.55 15.15) (end 1.55 15.15) (layer F.CrtYd) (width 0.05))
    (fp_line (start 1.55 15.15) (end 1.55 -1.15) (layer F.CrtYd) (width 0.05))
    (fp_line (start 1.55 -1.15) (end -1.55 -1.15) (layer F.CrtYd) (width 0.05))
    (fp_text user %R (at 0 6.985) (layer F.Fab)
      (effects (font (size 1 1) (thickness 0.15)))
    )
    (pad 1 thru_hole rect (at 0 0 270) (size 1 1) (drill 0.65) (layers *.Cu *.Mask)
      (net 43 /PB12))
    (pad 2 thru_hole oval (at 0 1.27 270) (size 1 1) (drill 0.65) (layers *.Cu *.Mask)
      (net 44 /PB13))
    (pad 3 thru_hole oval (at 0 2.54 270) (size 1 1) (drill 0.65) (layers *.Cu *.Mask)
      (net 45 /PB14))
    (pad 4 thru_hole oval (at 0 3.81 270) (size 1 1) (drill 0.65) (layers *.Cu *.Mask)
      (net 46 /PB15))
    (pad 5 thru_hole oval (at 0 5.08 270) (size 1 1) (drill 0.65) (layers *.Cu *.Mask)
      (net 47 /PA8))
    (pad 6 thru_hole oval (at 0 6.35 270) (size 1 1) (drill 0.65) (layers *.Cu *.Mask)
      (net 48 /PA9))
    (pad 7 thru_hole oval (at 0 7.62 270) (size 1 1) (drill 0.65) (layers *.Cu *.Mask)
      (net 49 /PA10))
    (pad 8 thru_hole oval (at 0 8.89 270) (size 1 1) (drill 0.65) (layers *.Cu *.Mask)
      (net 50 /PA11))
